13
-79,-110,0
0,-0.707107,0,0.707107
3000
-79,-110,0
0.36847,-0.278965,-0.225887,0.857545
5000
-58.7404,-92.804,-15.5189
0.498083,-0.310867,-0.179466,0.789346
5000
-47.9224,-65.872,-23.0752
0.602583,-0.133931,-0.114364,0.778381
7000
-46.078,-36.2161,-26.2077
0.667683,-0.0775105,0.225233,0.70531
5000
-54.3087,8.80157,-30.3177
0.696614,0.107328,-0.0858367,0.70416
3000
-53.7476,22.6931,-31.2811
0.564097,0.301761,-0.455534,0.619051
4000
-47.8143,33.9554,-32.2054
0.717759,0.0381186,-0.608188,0.336863
5000
-35.6155,30.7218,-25.8117
0.50075,-0.425122,-0.547309,0.518626
5000
-13.8741,15.8688,-19.5936
0.324943,-0.580468,-0.664046,0.341339
5000
20.0668,-6.64363,-24.3061
0.235488,-0.620055,-0.700779,0.262653
10000
71.8359,-104.554,-15.2838
0.592098,0.30826,0.314578,0.67486
10000
0.11398,0.157535,8.09276
0.32552,-0.0162935,-0.00625438,0.945374
5000
